
NORM 03345 10752 2016/08/15 00:00:00    CRIMP 0006 06.09 03/27/2015
08/15/2016 00:05:03 2127.5063 N 15747.9014 W 0040 1.1 2016/02/07 12:38:33 2016/02/07 12:38:34 I 0030
10.4 10.1 00.877898 00.714991 00.000000 0000 00.000 0.000 00.00000 0.0000 00.0000 0.0000 000.0 0.00 000.0 0.00 000 000 000.0
00 28.26 0.029 098.44 00.00 -002.27 00.34 19.67 0.0 62 0.1 27.9 0.03 03746535 00239 03287995 00325
01 28.41 0.027 101.24 00.00 -001.94 00.31 20.63 0.0 63 0.1 27.9 0.03 03743970 00382 03286044 00291
02 28.62 0.023 101.26 00.00 0000.74 00.29 20.63 0.0 64 0.0 27.9 0.03 03741244 00399 03285297 00276
03 28.79 0.024 103.65 00.01 0652.39 00.80 21.77 0.0 27 1.8 27.9 0.03 03270914 00818 03331409 00880
04 28.92 0.024 101.24 00.01 0652.10 00.73 21.26 0.0 36 2.0 27.9 0.03 03283212 00241 03331837 00411
05 29.09 0.021 101.24 00.01 0648.34 00.66 21.13 0.0 45 0.7 28.0 0.04 03282015 00230 03329601 00374
16 28.95 0.026 095.06 00.04 0403.87 02.40 19.07 0.0 70 0.0 28.1 0.03 03384865 01974 03270062 03240
17 29.10 0.022 101.23 00.00 0402.47 00.55 20.85 0.0 70 0.2 28.1 0.02 03359000 00225 03265821 00271
18 29.26 0.023 095.26 00.01 0392.42 00.54 19.03 0.0 67 0.1 28.1 0.02 03398030 00395 03276440 00437
18 29.38 0.022 101.21 00.01 0390.80 00.49 20.73 0.0 67 0.1 28.1 0.02 03375563 00193 03274251 00258
SW_xCO2(dry) 0407.70 Atm_xCO2(dry) 0395.50 


NORM 00000 00000 2016/08/15 03:00:00    CRIMP 0006 06.09 03/27/2015
08/15/2016 03:05:03 2127.5069 N 15747.9016 W 0040 1.2 2016/02/07 12:38:33 2016/02/07 12:38:34 I 0030
10.4 10.1 00.877494 00.714457 00.000000 0000 00.000 0.000 00.00000 0.0000 00.0000 0.0000 000.0 0.00 000.0 0.00 000 000 000.0
00 28.59 0.027 098.04 00.01 -002.31 00.30 19.61 0.0 60 0.0 28.2 0.02 03756320 00462 03295049 00449
01 28.75 0.026 101.13 00.00 -001.98 00.29 20.63 0.0 62 0.1 28.3 0.03 03753112 00390 03292542 00337
02 28.95 0.024 101.15 00.00 0000.70 00.30 20.63 0.0 63 0.0 28.2 0.02 03750259 00421 03291654 00293
03 29.12 0.023 103.56 00.01 0651.49 00.57 21.77 0.0 25 1.6 28.2 0.03 03275064 00752 03333956 00772
04 29.25 0.023 101.15 00.01 0651.37 00.62 21.25 0.0 34 2.0 28.2 0.02 03287332 00254 03334400 00333
05 29.42 0.021 101.16 00.01 0648.99 00.69 21.12 0.0 44 0.6 28.3 0.03 03286351 00220 03332384 00352
16 29.27 0.027 094.83 00.02 0486.44 02.05 19.02 0.0 72 0.0 28.3 0.02 03330348 01743 03261326 02669
17 29.41 0.025 101.15 00.00 0484.74 00.54 20.83 0.0 72 0.2 28.3 0.03 03300850 00224 03256696 00295
18 29.57 0.023 095.20 00.00 0393.34 00.53 18.97 0.1 67 0.3 28.3 0.02 03396674 00700 03273964 00624
18 29.69 0.022 101.15 00.01 0391.71 00.43 20.65 0.0 68 0.0 28.4 0.02 03374974 00199 03272517 00259
SW_xCO2(dry) 0491.80 Atm_xCO2(dry) 0396.75 

Seafet Data
03/14/2017 12:06:32  06
8.11326 0.00112 8.11203 0.00000 13.0920 00.0000  0.05905022  0.00002500 -0.89568722  0.00000000
1.40401149 0.00016321 15.036 00.000 22.814 00.005 11.4 00.0 4.913 0.000 6.141 0.008
End Seafet Data

NORM 00000 00000 2016/08/15 06:00:00    CRIMP 0006 06.09 03/27/2015
08/15/2016 06:05:04 2127.5055 N 15747.9010 W 0041 1.2 2016/02/07 12:38:33 2016/02/07 12:38:34 I 0030
10.4 10.1 00.877479 00.713485 00.000000 0000 00.000 0.000 00.00000 0.0000 00.0000 0.0000 000.0 0.00 000.0 0.00 000 000 000.0
00 28.48 0.029 097.47 00.01 -001.03 00.28 19.53 0.0 58 0.0 28.1 0.02 03762137 00407 03300091 00467
01 28.63 0.023 101.30 00.00 -000.70 00.28 20.71 0.0 60 0.2 28.1 0.02 03758556 00433 03297288 00317
02 28.82 0.025 101.30 00.00 0000.68 00.33 20.70 0.0 61 0.1 28.1 0.03 03755270 00447 03295971 00321
03 28.99 0.021 103.70 00.01 0651.20 00.70 21.84 0.0 25 1.6 28.0 0.02 03275293 00689 03335196 00754
04 29.12 0.022 101.30 00.01 0651.13 00.58 21.31 0.0 34 2.0 28.1 0.03 03287392 00216 03335570 00341
05 29.28 0.021 101.31 00.01 0648.07 00.63 21.19 0.0 43 0.6 28.1 0.02 03286370 00229 03333493 00362
16 29.06 0.027 094.92 00.02 0579.89 02.40 18.64 0.0 71 0.0 28.1 0.02 03286695 01814 03268210 02807
17 29.20 0.024 101.32 00.00 0577.60 00.61 20.41 0.0 71 0.2 28.2 0.02 03254103 00212 03263602 00277
18 29.36 0.023 095.33 00.01 0393.03 00.53 19.03 0.0 67 0.2 28.1 0.01 03398893 00644 03276929 00609
18 29.48 0.021 101.32 00.01 0391.35 00.43 20.75 0.0 68 0.0 28.2 0.02 03376840 00198 03275277 00223
SW_xCO2(dry) 0585.80 Atm_xCO2(dry) 0396.43 

PH
2017/04/06 03:03:22 
^0A
*FEE70AD50B60830589080B08F005C7085D080908EB05C60859080A08EA05C90858080808E605C70
855080708EE05C5085D0808087505C507580807054505C702850806026805C5007D080A01B205C60
03C0809021905CA00590806030505C400BA0807041605C50165080C051B05C90248080805EB05C70
3300808068E05C4040F0808070005C704BA080A077005C8056E080607C205C805FE080A080405C90
67A0808083B05C806E7080A086205C60731080B087D05C9076B0807089605C307A3080608B205C30
7D5080808B905C607F0080A08C805C70809080A08D105C3081B00000C60058AC8

END PH


SBE16 DATA
 27.0662 00.0030 05.79313 00.00030 9999.999 9999.999 0.1173 0.0013 1.0074 0.0200 2.6452 0.0016 3.5659 0.0005 0.0000 0.0000 0.0000 0.0001
 99.9999 99.9999 9999.99999 9999.99999 99.9999 99.9999 9999.99999 9999.99999 9999.999 9999.999 99999. 99999. 99999. 99999. 99999. 99999. 99.999 99.999 99.999999 99.999999
 036.9284 000.0002 9999.999 9999.999 024.1497 000.0011 10.2 239.0
END SBE16

NORM 00000 00000 2016/08/15 09:00:00    CRIMP 0006 06.09 03/27/2015
08/15/2016 09:05:03 2127.5057 N 15747.9016 W 0040 0.9 2016/02/07 12:38:33 2016/02/07 12:38:34 I 0030
10.4 10.1 00.877660 00.714258 00.000000 0000 00.000 0.000 00.00000 0.0000 00.0000 0.0000 000.0 0.00 000.0 0.00 000 000 000.0
00 28.05 0.027 097.72 00.01 -000.35 00.32 19.63 0.0 58 0.1 27.6 0.02 03764971 00303 03303287 00404
01 28.20 0.026 101.35 00.00 -000.06 00.29 20.78 0.0 60 0.2 27.7 0.02 03761655 00480 03300704 00309
02 28.40 0.025 101.36 00.00 0000.70 00.29 20.77 0.0 61 0.1 27.7 0.03 03758239 00445 03299283 00313
03 28.56 0.025 103.73 00.00 0649.32 00.60 21.88 0.0 25 1.6 27.6 0.02 03276795 00693 03337793 00760
04 28.69 0.020 101.34 00.00 0649.35 00.68 21.34 0.0 34 2.0 27.7 0.02 03288825 00208 03338167 00374
05 28.86 0.020 101.35 00.01 0648.76 00.63 21.23 0.0 43 0.6 27.7 0.02 03287793 00231 03336079 00374
16 28.65 0.025 094.94 00.02 0507.89 02.36 18.42 0.0 71 0.0 27.7 0.02 03325754 02072 03270076 03049
17 28.78 0.024 101.35 00.00 0506.73 00.62 20.16 0.0 71 0.2 27.8 0.01 03294847 00231 03265539 00308
18 28.94 0.021 095.35 00.01 0394.02 00.64 19.08 0.0 68 0.2 27.8 0.02 03399248 00459 03278560 00474
18 29.06 0.020 101.34 00.01 0392.39 00.52 20.78 0.0 68 0.1 27.8 0.02 03376408 00202 03276221 00260
SW_xCO2(dry) 0513.80 Atm_xCO2(dry) 0397.44 

NORM 00000 00000 2016/08/15 12:00:00    CRIMP 0006 06.09 03/27/2015
08/15/2016 12:05:03 2127.5064 N 15747.9023 W 0040 2.4 2016/02/07 12:38:33 2016/02/07 12:38:34 I 0030
10.4 10.1 00.877826 00.714758 00.000000 0000 00.000 0.000 00.00000 0.0000 00.0000 0.0000 000.0 0.00 000.0 0.00 000 000 000.0
00 27.69 0.028 097.74 00.01 -000.38 00.32 19.68 0.0 58 0.1 27.3 0.02 03766748 00293 03305495 00388
01 27.83 0.024 101.20 00.00 -000.14 00.28 20.78 0.0 60 0.3 27.4 0.03 03763591 00469 03302990 00327
02 28.03 0.023 101.21 00.01 0000.69 00.35 20.77 0.0 61 0.1 27.4 0.03 03760326 00449 03301724 00323
03 28.20 0.022 103.60 00.01 0650.15 00.53 21.88 0.0 25 1.6 27.3 0.03 03278758 00706 03340044 00760
04 28.32 0.020 101.20 00.01 0650.15 00.61 21.35 0.0 34 2.0 27.3 0.03 03290743 00239 03340365 00368
05 28.49 0.020 101.20 00.01 0649.37 00.62 21.24 0.0 43 0.6 27.3 0.02 03289710 00221 03338344 00349
16 28.27 0.028 094.76 00.02 0529.28 01.95 17.76 0.0 70 0.0 27.4 0.02 03320059 01909 03275749 02694
17 28.41 0.025 101.20 00.00 0527.37 00.62 19.43 0.0 70 0.2 27.4 0.02 03288816 00173 03271338 00299
18 28.57 0.024 095.20 00.01 0394.91 00.53 19.08 0.0 68 0.1 27.4 0.02 03400954 00293 03280918 00415
18 28.68 0.021 101.19 00.00 0393.13 00.43 20.78 0.0 69 0.1 27.4 0.02 03377875 00193 03278297 00230
SW_xCO2(dry) 0534.44 Atm_xCO2(dry) 0398.13 

NORM 00000 00000 2016/08/15 15:00:00    CRIMP 0006 06.09 03/27/2015
08/15/2016 15:05:03 2127.5043 N 15747.9023 W 0040 1.7 2016/02/07 12:38:33 2016/02/07 12:38:34 I 0030
10.4 10.1 00.878004 00.714109 00.000000 0000 00.000 0.000 00.00000 0.0000 00.0000 0.0000 000.0 0.00 000.0 0.00 000 000 000.0
00 27.32 0.029 097.66 00.02 -000.30 00.27 19.69 0.0 58 0.2 27.0 0.01 03768394 00238 03307654 00379
01 27.47 0.025 101.17 00.00 -000.09 00.29 20.80 0.0 60 0.3 27.0 0.03 03765303 00466 03305169 00344
02 27.67 0.023 101.19 00.00 0000.72 00.31 20.79 0.0 61 0.1 27.0 0.03 03761847 00433 03303764 00300
03 27.84 0.023 103.56 00.01 0650.52 00.64 21.91 0.0 25 1.6 26.9 0.03 03279988 00741 03342009 00762
04 27.96 0.021 101.16 00.00 0650.40 00.69 21.39 0.0 34 2.0 27.0 0.03 03292072 00229 03342328 00379
05 28.13 0.020 101.16 00.00 0647.96 00.65 21.28 0.0 43 0.6 27.0 0.02 03291264 00274 03340499 00363
16 27.92 0.028 094.72 00.02 0536.27 01.85 17.36 0.0 71 0.0 27.1 0.02 03314862 01503 03275512 02161
17 28.06 0.022 101.19 00.00 0533.03 00.58 19.01 0.0 71 0.2 27.1 0.02 03284055 00198 03271130 00288
18 28.21 0.021 095.17 00.01 0394.42 00.61 19.13 0.0 68 0.1 27.1 0.01 03400849 00506 03281682 00500
18 28.33 0.021 101.17 00.00 0392.81 00.54 20.83 0.0 69 0.1 27.1 0.02 03378071 00196 03279505 00300
SW_xCO2(dry) 0540.12 Atm_xCO2(dry) 0397.72 

NORM 00000 00000 2016/08/15 18:00:00    CRIMP 0006 06.09 03/27/2015
08/15/2016 18:05:03 2127.5052 N 15747.9030 W 0040 1.0 2016/02/07 12:38:33 2016/02/07 12:38:34 I 0030
10.4 10.1 00.878135 00.715488 00.000000 0000 00.000 0.000 00.00000 0.0000 00.0000 0.0000 000.0 0.00 000.0 0.00 000 000 000.0
00 27.09 0.029 097.81 00.01 -000.51 00.29 19.74 0.0 58 0.2 26.8 0.02 03768141 00240 03307858 00306
01 27.23 0.025 101.32 00.00 -000.26 00.30 20.85 0.0 60 0.2 26.8 0.02 03765118 00440 03305479 00298
02 27.44 0.026 101.34 00.00 0000.67 00.30 20.85 0.0 61 0.1 26.8 0.02 03762022 00456 03304352 00253
03 27.61 0.023 103.71 00.00 0649.17 00.69 21.98 0.0 25 1.6 26.7 0.02 03280174 00730 03343471 00774
04 27.73 0.021 101.32 00.00 0648.92 00.68 21.46 0.0 34 2.0 26.8 0.02 03292244 00245 03343769 00370
05 27.91 0.021 101.32 00.00 0649.51 00.72 21.34 0.0 43 0.6 26.8 0.03 03290906 00211 03341513 00381
16 27.72 0.026 094.84 00.01 0614.49 01.85 17.03 0.0 76 0.0 26.9 0.02 03245353 01504 03246370 02271
17 27.85 0.021 101.35 00.00 0611.06 00.57 18.63 0.0 76 0.2 26.9 0.03 03210845 00205 03240491 00291
18 28.02 0.021 095.30 00.01 0397.91 00.61 19.04 0.0 73 0.5 26.8 0.02 03375511 02040 03259750 01800
18 28.13 0.023 101.34 00.00 0395.96 00.46 20.75 0.0 73 0.1 26.9 0.02 03355841 00226 03260458 00269
SW_xCO2(dry) 0620.05 Atm_xCO2(dry) 0401.38 

NORM 00000 00000 2016/08/15 21:00:00    CRIMP 0006 06.09 03/27/2015
08/15/2016 21:05:03 2127.5061 N 15747.9017 W 0040 0.9 2016/02/07 12:38:33 2016/02/07 12:38:34 I 0030
10.4 10.1 00.878185 00.714892 00.000000 0000 00.000 0.000 00.00000 0.0000 00.0000 0.0000 000.0 0.00 000.0 0.00 000 000 000.0
00 27.41 0.028 098.67 00.01 -000.68 00.29 19.81 0.0 63 0.3 27.1 0.03 03752693 00417 03294592 00366
01 27.57 0.026 101.32 00.00 -000.49 00.30 20.74 0.0 63 0.1 27.1 0.02 03750797 00397 03293121 00311
02 27.77 0.028 101.34 00.00 0000.67 00.31 20.73 0.0 64 0.0 27.1 0.02 03747863 00386 03292103 00243
03 27.95 0.024 103.73 00.00 0650.00 00.59 21.89 0.0 27 1.8 27.1 0.02 03275404 00849 03337944 00923
04 28.08 0.023 101.31 00.00 0649.93 00.60 21.36 0.0 36 2.0 27.1 0.02 03287763 00248 03338467 00394
05 28.26 0.022 101.31 00.00 0647.33 00.74 21.24 0.0 45 0.6 27.2 0.03 03286854 00259 03336415 00420
16 28.14 0.025 095.02 00.02 0447.06 02.39 18.05 0.0 78 0.0 27.3 0.02 03301242 02122 03215265 03284
17 28.28 0.023 101.32 00.00 0445.28 00.63 19.75 0.0 78 0.2 27.3 0.02 03271994 00187 03209140 00314
18 28.45 0.023 095.29 00.01 0397.74 00.73 18.88 0.0 74 0.7 27.3 0.02 03359584 02783 03244339 02463
18 28.57 0.022 101.31 00.00 0395.60 00.47 20.61 0.0 73 0.0 27.3 0.03 03341215 00298 03246047 00279
SW_xCO2(dry) 0452.10 Atm_xCO2(dry) 0401.02 
